Bangladeshi	bangladeshi	Bangladeshi
opposition	opposit	opposition
calls	call	call
for	for	for
today	today	today
strike	strike	strike
.	.	.

Bangladeshs	bangladesh	Bangladeshs
main	main	main
opposition	opposit	opposition
party	parti	party
has	has	ha
called	call	called
for	for	for
a	a	a
fourth	fourth	fourth
strike	strike	strike
day	day	day
in	in	in
a	a	a
week	week	week
today	today	today
to	to	to
protest	protest	protest
against	against	against
a	a	a
deadly	dead	deadly
grenade	grenad	grenade
attack	attack	attack
.	.	.

